U_index, nH_index, Intensity, Polarized Intensity, p_mu, n, b0, b1, b2, b3, b4, b5, c2, c3, c4, c5, c6, c7 
11	0	2.6060390995585745e-19	-5.190842269141839e-22	0.4889722077411602	0.0009492415091567706	0.5	-0.0031226174173483567	-0.04240615014427906	0.004373212954533227	0.00886181695157534	0.000513116156003057	-0.0008234651057437474	2.6749991517013914e-05	1.099223629851264e-05	1.097291930387501e-05	4.143707409912395e-05	3.1140457648707616e-05
11	1	1.3251063123192899e-18	-1.240637918728601e-21	0.4972605047531803	0.004746207545783856	0.5	-0.007602422753455147	-0.027108716802029052	0.0002858572875812594	-0.005365220071933705	-0.00949870824941197	-0.0002791364593409103	-0.00018179317722637374	-3.656881708869141e-05	8.679189171152976e-05	1.1047823271874372e-05	8.525427881119381e-06
11	2	2.692648534766427e-18	-3.3923034318401714e-21	0.5052227723439596	0.009492415091567712	0.5	0.000771181038620795	-0.006598097714410789	-0.0018172046469952954	-0.022510585181407396	-0.0037430584212675344	-0.00025454836122840906	2.245982886613099e-05	-8.526371362073868e-06	-2.3349145464276258e-06	6.946654372613085e-05	-1.6348881539757444e-05
11	3	1.3688966028140081e-17	-1.3645241066050556e-21	0.513693285845725	0.04746207545783855	0.5	0.0031574779195583684	0.01043705182881436	-0.004072671411172841	-0.021583509811762696	0.014024604744128076	0.00014990080867182954	0.00012194037043850748	1.4536628245815674e-05	-2.960354619127778e-05	-1.0896661234366776e-05	-1.3586381392945673e-06
11	4	2.7684437622772274e-17	4.1808722178733985e-20	0.5194442626272319	0.0949241509156771	0.5	-0.007405903973079371	0.02080719944486962	0.0022844506031942254	-0.017970229850150763	0.003464535303273616	0.0001557955261698442	3.687303281414952e-05	5.6233200223283105e-05	-2.9682879655279805e-05	-2.1912823117888905e-05	-1.351562476907886e-06
11	5	1.4553030682952812e-16	-1.073482793451812e-19	0.5461182484617082	0.47462075457838543	0.5	-0.006849106607132206	0.09106864749066385	0.004002944363183742	-0.038205860350208704	0.006067552033884346	0.00021302247719601043	7.763637019523987e-05	5.553392963099301e-06	9.021970758184155e-06	1.6964968998144564e-05	-2.8245972880888275e-05
11	6	2.871572059076032e-16	3.95728787888632e-19	0.5387942681489598	0.9492415091567709	0.5	-0.022125393232864384	0.05556622038186331	0.00357870240066494	-0.025076338171157026	-0.004158642667326964	-0.0001070126108187784	-0.00012369266671741588	3.300483728102145e-05	2.111132407380064e-05	-7.5358209489366966e-06	1.2667596056235394e-05
11	7	1.6659655033997378e-15	-6.331494608530431e-19	0.6251716103230882	4.746207545783857	0.5	-0.16359944754894945	0.013783917085178088	0.04720350722755993	-0.012430220960991816	-0.01956846970289931	6.628625281123592e-05	-2.706305795726429e-05	-1.2062033850091925e-05	1.5695857600513223e-05	2.2509412021364e-05	-2.3924886335690613e-05
11	8	3.908860059095273e-15	6.5201748893075486e-18	0.7334210500413468	9.492415091567715	0.5	-0.3119787796755945	0.04276073457000028	0.09480843333436428	-0.012807697530113833	-0.05280039328180108	0.0006910395260351956	-0.0001310440446760095	-3.570990667609132e-05	2.4033698552630263e-05	-9.55070920985642e-06	5.12214477318e-06
11	9	3.176660623016029e-14	8.471968586675767e-16	1.192076326363379	47.462075457838544	0.5	-0.7870035548710995	0.34416712991707044	0.15403430048734754	-0.1391427655553957	-0.09108847650016999	0.005388206137738588	-0.003123505602521702	0.0008755695228719503	0.00021378142700572558	-0.0003224561972036115	0.00012142431244017578
11	10	7.192263013838915e-14	2.6006960974655155e-15	1.3494873216321284	94.92415091567709	0.5	-0.912261904773093	0.504040447527004	0.07806318154661032	-0.18677343932230653	-0.029990192986006976	0.005882557816348203	-0.003962043993118389	0.001651886205344321	-0.00021350412162965597	-0.00025755310003892744	0.00017856232699272768
11	11	3.8690962372064013e-13	1.1164013267813806e-14	1.4519202949720027	474.6207545783855	0.5	-0.9993478540170951	0.633875597083881	-0.005446507147012697	-0.19962114318594606	0.01776246238444763	0.003987519712880185	-0.002991947578435102	0.0015728863188231926	-0.0005047298135959087	-1.6155761987391794e-05	7.428428864850509e-05
11	12	7.741350565452091e-13	1.2787615005494486e-14	1.4525128489164123	949.241509156771	0.5	-1.0055069819696414	0.6450866571433179	-0.01649951946935496	-0.19235675097135263	0.013342667967250357	0.0027901269957556945	-0.0019337670309829084	0.000835682705663175	-0.00010736501843367861	-0.00014714305414341065	8.948386413491365e-05
11	13	3.874376117107346e-12	7.73909888309633e-14	1.4539016271263896	4746.207545783856	0.5	-1.007731028643303	0.6471931327669285	-0.018418499921862858	-0.19089207667905575	0.013938370054249326	0.00286434408295237	-0.00213111881578663	0.0011038129294803894	-0.00034630299105409723	1.17705489686763e-05	-1.9529563684247035e-06
11	14	7.79572257353678e-12	1.3070549257198134e-13	1.4627146915660458	9492.415091567713	0.5	-1.0081884729859556	0.6464629840257414	-0.010926351551708869	-0.2027930619965768	0.02062790531092001	0.0026172429029821787	-0.0018505096924625296	0.000860199523753722	-0.00018640022483437936	-0.00010280850753937959	0.0001106861936327146
11	15	3.872353762067522e-11	7.083277746360327e-13	1.4531427164800945	47462.07545783854	0.5	-1.008872867005165	0.6501393526217333	-0.020453321719975704	-0.18990440595048333	0.009833711483183419	0.0028648551272037323	-0.0020615115050895806	0.0009724800554385468	-0.00020194220671980177	-9.739270177482633e-05	5.232027744202383e-05
11	16	7.700678708590971e-11	1.4235125950988658e-12	1.4448815713789098	94924.15091567708	0.5	-1.0068979609580433	0.6443699385274224	-0.01756482252594303	-0.18382516527088213	0.0006143702533244384	0.002793233571896889	-0.002015148905009999	0.0009183555646279613	-9.105790235529634e-05	-0.00030532101451891596	0.0002627143316551799
11	17	3.91278832323262e-10	5.950224593428096e-12	1.4683162237734355	474620.7545783857	0.5	-1.0094734977907904	0.6487578649353156	-0.013142247229010815	-0.2061134940658246	0.029045185742256206	0.0029362040000164556	-0.002013723519891874	0.0008052143233093394	-1.0352357417592818e-05	-0.0001689329627263685	-1.3898890448744082e-05
11	18	7.685914652376985e-10	1.3480661090040972e-11	1.4421113853278285	949241.5091567714	0.5	-1.0070721818404702	0.6462064360980649	-0.019962638117297524	-0.1802319855105073	-0.0032959030067074638	0.0026377500517888956	-0.001915917847042498	0.0010094119877352616	-0.0004499091967814937	0.00029678224758285417	-0.00025281662786947603
12	0	3.4415096219306993e-19	-9.233042916986935e-22	0.4819833697433804	0.0012717358189881691	0.5	0.0035742072541450993	-0.04657799431441896	-0.001865455446061719	0.013258261535001904	0.004981099235533567	-0.0003275327427940115	-5.590363852090973e-06	-9.537914353683106e-05	1.1111244991569502e-05	6.786090975991096e-05	5.856310780778849e-06
12	1	1.7671626419030506e-18	-4.368605993381161e-21	0.4949822017648265	0.006358679094940848	0.5	-0.0010674772995459998	-0.03010887617793199	0.007369638549647231	-0.00697505554219981	-0.0063404585723820656	-0.0004927188102661166	1.3523926666130358e-05	4.067223187771618e-05	6.917419585461657e-05	1.937296271916204e-05	-1.8722670498644323e-05
12	2	3.602981694170816e-18	-2.3656136945935014e-21	0.5045975309829112	0.012717358189881695	0.5	-0.0037914460389208223	-0.018566681012220594	4.3137452031895e-05	-0.015898626746230656	0.0002443793498740484	-0.00028255349919793863	4.193892129530594e-05	5.533172777873585e-06	-2.7845656636174652e-05	-4.684485653474243e-05	7.5483722230806275e-06
12	3	1.809018293096538e-17	-1.0620228034719212e-20	0.5067059683796203	0.06358679094940843	0.5	0.005401758500169976	0.01031118022903897	0.0019641236007520426	-0.02181043420903174	-0.003353933680367446	-0.0002535314171561764	-3.694561335542141e-05	2.264022132631901e-05	1.640763798447703e-05	2.2485653572385386e-05	-1.9455982755197546e-05
12	4	3.6539670207026446e-17	-7.826137347062332e-20	0.5117380251813531	0.12717358189881686	0.5	0.0034000968219364434	0.026142790610843174	-0.0077161742211237574	-0.02685527578258375	-0.005162663368048587	0.00025559445045643083	4.355064052180989e-05	-0.00010597124282834422	5.96637820830091e-06	-2.9659656579258436e-05	-1.4601795561081388e-05
12	5	1.9379470292367696e-16	3.728001388286384e-19	0.5428189034158222	0.6358679094940846	0.5	-0.009798877037540689	0.09006230738511846	-0.002905929712583141	-0.03909243920094764	-0.005305806128563629	0.00025327516519568516	-1.0228723639103662e-06	3.994091222056704e-05	-1.8821979985264167e-05	1.796573338918173e-05	8.279842179549548e-06
12	6	3.851197510514057e-16	-4.6671651958907125e-19	0.5393601522530511	1.2717358189881691	0.5	-0.024860319196383773	0.05697212990640678	0.0037460218025432775	-0.012808019094634653	0.004452948893808793	-0.00013053548409987863	-3.996937881850789e-06	-1.3526516714638012e-05	1.9934380131228933e-05	1.3027476593183137e-05	-1.7756519131957105e-05
12	7	2.2194421943907442e-15	-1.0765533058545678e-18	0.6216656905366833	6.358679094940843	0.5	-0.15904386011220323	0.02140216089793294	0.031778726828920224	-0.005585751282670683	-0.010735488675911774	0.00013464307444072406	8.883701357593592e-05	-1.592752658005779e-05	-1.5189443476102673e-05	-1.0591755383075635e-05	-3.3175236671564553e-07
12	8	5.2872432542897236e-15	3.6158599051718895e-17	0.7404783366335258	12.717358189881686	0.5	-0.32048319253384944	0.04469515132893231	0.0971054464693804	-0.012870401100176078	-0.052457993387039804	0.0009516866962843742	-0.00035643903768141995	0.0001040455158959952	-8.40084079302757e-05	7.80207306165096e-05	-8.700073433278695e-06
12	9	4.230921670969788e-14	8.779264773193024e-16	1.1850810301964492	63.586790949408446	0.5	-0.7846184882247619	0.34435735516798394	0.14653100065562094	-0.13121093363285571	-0.09323845490352543	0.004629386712103709	-0.0026574916449178315	0.0007125199895344292	0.00019183367559981015	-0.00013631175267446436	-0.00011163833277392318
12	10	9.647067254605512e-14	3.0682977212405254e-15	1.3510716209787246	127.17358189881689	0.5	-0.9114470016250266	0.5039560013915628	0.07536005611424486	-0.18694649464624766	-0.023097668064399692	0.005314787636572004	-0.0035499258364817036	0.0014729154830178481	-0.00022582644718999116	-0.00013192373753478863	4.929663444498499e-05
12	11	5.198808195245759e-13	1.3604660086452829e-14	1.4561860159428095	635.867909494084	0.5	-0.996082878397584	0.6243630845907214	0.008762084766188751	-0.21262461134386867	0.02084545762077052	0.0038770939815202287	-0.002835485606367905	0.0014165126187910568	-0.0004044077859782916	-2.6712756201688722e-05	3.624172077685662e-05
12	12	1.0356644692635513e-12	2.5060871770719667e-14	1.4504479302867637	1271.735818988168	0.5	-1.0032687834106557	0.6376128246904019	-0.007925773821972133	-0.19567178569236549	0.009412987310935475	0.0034038873474237772	-0.0025406542575060758	0.0013382436183099926	-0.00046143527678531445	6.897699275863781e-05	-2.3743105511260878e-05
12	13	5.237550100191498e-12	8.427039793364888e-14	1.4670376223291652	6358.679094940842	0.5	-1.0084871553391246	0.6470739270492513	-0.011323461730838357	-0.206092405737156	0.02778571897397301	0.0024901206995320484	-0.0017831991749744556	0.0008252787699590517	-0.00013488636567956627	-0.00017725662375158476	0.00015896163663238
12	14	1.0392738170996004e-11	1.65113164962988e-13	1.4555028213773156	12717.358189881685	0.5	-1.0089176107371913	0.6493010124330008	-0.018301982056929334	-0.1933861811325322	0.0118123419090188	0.0023328723100780537	-0.001720254018662923	0.0008798587550843156	-0.00028236016936197356	3.917065601354246e-05	-3.047058556366055e-05
12	15	5.193064935885557e-11	1.082748686661604e-12	1.4545773291722708	63586.790949408416	0.5	-1.0093740970365483	0.6498435285004663	-0.016479974877883018	-0.1942368491217772	0.006350940470428499	0.003133498662721564	-0.002266447136844279	0.0011323683854896113	-0.00036214047482598327	5.590394312571594e-05	-3.0419700500316452e-05
12	16	1.0424902877466455e-10	2.4850253275669104e-12	1.4600074880249536	127173.58189881683	0.5	-1.0086282932413475	0.6476727508250031	-0.0144143237299844	-0.19932516606832715	0.01717996556973729	0.0031412786188800028	-0.0023791145475722856	0.0012914835509783948	-0.00045349650573206366	-1.590655984925838e-05	0.00012258355258275104
12	17	5.203990801045068e-10	1.3672187113999174e-11	1.4576376636681476	635867.9094940841	0.5	-1.0047021970429237	0.6360627017510698	0.0015558258663709254	-0.20592031941210875	0.011340563548097617	0.0037318381767977474	-0.0027509231611924537	0.0013619133226383375	-0.0002985679032462392	-0.0002566881175184165	0.00028024780124963426
12	18	1.0397722941913774e-09	2.173970967846996e-11	1.4562009384678614	1271735.8189881681	0.5	-1.0038022636897441	0.632686527795217	0.0016283820816298134	-0.20335895045037874	0.01419267534411568	0.0035564324104791715	-0.002465654437611128	0.0010451472238504032	-9.364264186628985e-05	-0.00024352534944061164	0.00016151565127576058
13	0	7.956216897713135e-19	-1.5404783731090879e-21	0.4840290547783611	0.002927623006920245	0.5	0.002972317921358408	-0.04366644543157172	-0.00803715520321387	0.003917078395681935	0.00015841089658688568	-0.0007049595046549174	2.2824466594608555e-05	1.0810697155063077e-05	1.338372653440518e-05	-2.8346004987481568e-05	2.7721762938221247e-05
13	1	4.084933743409238e-18	-6.92495156514973e-21	0.4970268267128115	0.014638115034601232	0.5	-0.00234137165743315	-0.029400156828916904	-0.0004883404106565156	-0.012608143981388417	-0.006161219759499954	-0.000343772369664358	4.4852844555447824e-05	-7.892009611430564e-05	-3.3045641260314956e-05	-2.1452901158154416e-05	3.558292173231841e-05
13	2	8.323103807835455e-18	-1.6114409081092795e-20	0.5063492009734832	0.029276230069202464	0.5	0.00029706096121925104	-0.010583952147092533	-0.0007903936776591274	-0.014203696057012546	0.009516065341532496	-0.0004083653315875144	4.5010436791835066e-05	-9.263155375144546e-06	-3.2421347328985085e-05	2.116967627443068e-06	-3.090473257364662e-05
13	3	4.176243434087257e-17	2.2593725501893633e-20	0.508136765981483	0.14638115034601237	0.5	-0.0039917626102522205	0.008959223744468493	-0.006740812547024693	-0.01693522251255194	-0.006958484287405566	0.00036550655866761877	-3.840296190581143e-05	-4.438887917243553e-05	-2.9358065981551036e-05	-5.708012424347616e-06	-2.9047092229794482e-05
13	4	8.502213023387926e-17	3.414042535406635e-20	0.5172455937466457	0.29276230069202475	0.5	-0.0021903210814216076	0.031629563514849426	0.0004289185263445583	-0.026751965097300035	-0.00839715861159178	0.00034833996376916075	-9.855059601881894e-05	-7.095796032484322e-05	1.5287612606584622e-05	-2.253499638369635e-05	-2.454066640507363e-07
13	5	4.450766270306517e-16	-4.791260153131188e-19	0.5415388289565327	1.4638115034601227	0.5	-0.012371954624092494	0.08391191642792711	-0.006515266919869411	-0.03292200823192617	-0.0010921366413573655	-8.622697974807007e-06	2.997686914710188e-05	6.351303075127492e-06	6.806954290739852e-05	1.414406004114175e-05	1.0872416195952383e-05
13	6	8.864076476047983e-16	9.519425933978223e-20	0.5392601299516891	2.9276230069202454	0.5	-0.022467623052460698	0.049230714764965385	-0.006241642805701434	-0.022632797169439316	0.007917588181946073	-0.00017551678121381813	-1.5592361400032326e-05	3.5651702293688973e-06	-1.1070865581406881e-05	-2.7348362055983123e-06	1.0130725527532504e-05
13	7	5.023834128915582e-15	-3.874472245535104e-18	0.6112658103831284	14.638115034601228	0.5	-0.14955725572011438	0.012550239324644172	0.039036627386864683	-0.00020482339259285284	-0.012268517964355196	2.3119103182432928e-05	-7.912995297920071e-05	-9.332020343943859e-06	7.328331160245572e-05	-3.31027568050875e-05	-1.2373980392449606e-05
13	8	1.2002663238415951e-14	3.0465299205966436e-17	0.7302010260408217	29.276230069202455	0.5	-0.316672226979542	0.040806784813834755	0.09127032286349478	-0.011493659356576971	-0.06582053244172803	0.000610272797359411	-0.00019360730713133454	4.499061975298339e-05	3.002676793731013e-05	-1.1584706296981722e-05	-2.072704965389844e-05
13	9	9.713206199598569e-14	2.1492326369250505e-15	1.1818365628042058	146.38115034601213	0.5	-0.7816366299925998	0.3372936332112722	0.1500895246521354	-0.12884751924449428	-0.09068015053812274	0.004618440895756202	-0.0026614789702706075	0.000757171418064582	9.99754765896599e-05	-8.253256453146186e-05	-8.988602139151855e-05
13	10	2.1990321055548282e-13	6.385421731899939e-15	1.3378160062289326	292.76230069202427	0.5	-0.9077751053821052	0.4987331863995718	0.07840355735853247	-0.1779778092119839	-0.03973009708333718	0.004900881150503952	-0.0032403905573373006	0.0013133590419583125	-0.00017970850656172474	-0.0001330425480805593	5.3702775517030255e-05
13	11	1.1887181095211923e-12	2.729112859338628e-14	1.446350973953067	1463.8115034601246	0.5	-0.9966139886497858	0.6281763147638129	-0.0007346068748135414	-0.19899327673173192	0.010337344415668496	0.003504002214608846	-0.002504066710934479	0.0011855390832049542	-0.00027235224315651533	-0.00011579648699652142	0.00011852653461327837
13	12	2.394410912804198e-12	3.958054617903549e-14	1.4566777977215897	2927.6230069202493	0.5	-1.0010359630442656	0.6307158899232292	0.003271662955138598	-0.20695927432701783	0.017313830247423966	0.0027743162219843747	-0.0019409884521518134	0.0008448692125865618	-9.243856948175013e-05	-0.0001804686272973799	0.00010489580184429416
13	13	1.19612917032773e-11	2.0058345052536224e-13	1.455368246365853	14638.11503460122	0.5	-1.0056754182187035	0.6402693947825302	-0.008153791508914822	-0.19831961272471763	0.013456784233033859	0.0024426002310531107	-0.0017788166997750007	0.0008785658107896125	-0.00022726606190251878	-8.419165471202284e-05	0.00010686432888180922
13	14	2.3904811878072597e-11	4.773650176609997e-13	1.4542870872868965	29276.23006920244	0.5	-1.0047382633829207	0.6383749669503394	-0.007497675969713058	-0.19661073020195324	0.015142830290584	0.002786484107684305	-0.002119471734188883	0.001183365581572784	-0.0005143469138413531	0.0002636502826248186	-0.00022651736917933573
13	15	1.2095354535105173e-10	2.3124006142793193e-12	1.47168009572964	146381.15034601217	0.5	-1.0053458526731343	0.6374184809927651	0.001717782875436523	-0.2166439832131269	0.034934930857441766	0.0027522095322796334	-0.0020208611820462085	0.0009909057184911553	-0.00020502589781756073	-0.00020870881632462923	0.00022743564305768035
13	16	2.3911880832083563e-10	6.406725336513322e-12	1.4547171382988522	292762.30069202435	0.5	-1.0079371721988648	0.6471746918393416	-0.018818079868777187	-0.19037983006322962	0.016475549069313564	0.0032585034096710985	-0.0025661755318302855	0.0015159956026795545	-0.0006604258572717979	0.00014745067286910414	1.3107703694896975e-05
13	17	1.1959464654087294e-09	1.654391695502693e-11	1.4551459435041152	1463811.503460125	0.5	-1.0064225353678986	0.6398669215037445	-0.006084752480127727	-0.1994725729376457	0.009505973035121604	0.002359347465391193	-0.0015962032983758091	0.0007006244637335953	-0.00017652030689192525	1.6838381140391113e-05	-4.349911890032943e-06
13	18	2.372729327346854e-09	5.382242095860302e-11	1.4434874618497369	2927623.00692025	0.5	-1.00265450211462	0.6302438852911957	-0.0001022787157509572	-0.19307656424779815	-0.00393073062926832	0.003133737476869303	-0.0023651276296213016	0.0012733619394673147	-0.00047147431299700065	0.00012189965188893852	-7.684299985186155e-05
14	0	1.386429791913738e-18	-6.1754996705424266e-21	0.4880693153625216	0.005059368896147715	0.5	-0.0008279486239725018	-0.046320542488032676	0.003749928993913925	0.00520592257828641	0.0013736409807310205	-0.000428498953962619	9.60445444716087e-05	-4.966883444559458e-05	4.880811128705958e-05	2.5975241185567992e-05	-1.4479694663107202e-05
14	1	7.070980920877151e-18	-1.4399203773596823e-21	0.49784400726563227	0.0252968444807386	0.5	-0.001234701979039523	-0.027600753692463245	0.006457652636283031	-0.0020418992702466014	0.005058014269778964	-0.00035146968919782585	3.2940538876013236e-05	5.351452248768764e-05	2.1430597996889203e-05	-1.798504193175702e-06	2.701216160158622e-05
14	2	1.4296562355843785e-17	4.7625989897794106e-21	0.5032864586256968	0.0505936889614772	0.5	-0.0005541174573491342	-0.0181056757178182	0.00569778246932803	-0.01060492063532814	0.005605139101432251	-0.0003850593227386509	-9.090782900856694e-06	2.5156944417180582e-05	-4.612354518747488e-05	-1.6114613840722225e-05	6.617379973846905e-06
14	3	7.282551928257108e-17	-1.3576360629554823e-20	0.5127400109904171	0.25296844480738573	0.5	-0.00022356678133560572	0.017062224409541048	-0.0004815284539347205	-0.02256061724198522	-0.002033162449171763	2.3679108600622444e-05	0.00010272429074198137	4.5288476588558614e-05	2.06765535906657e-05	2.8220013570825156e-05	1.2263897557826959e-05
14	4	1.4654217445943411e-16	1.6945617311646134e-19	0.5158771051899127	0.5059368896147715	0.5	0.0023656111672233555	0.03638423231189529	0.0009244440064595294	-0.026420863204914626	-0.006503676076059882	0.00048787740336945454	9.047458806931761e-05	6.905925620173827e-05	-8.416610974159622e-06	1.4208203359460644e-05	-3.674369409422236e-05
14	5	7.685523563699615e-16	5.971637756503674e-19	0.5411118898072238	2.5296844480738603	0.5	-0.013185154698093872	0.08346871536264307	-0.002257548842138116	-0.030426996090005046	-0.002769826025892901	4.6401725549176564e-05	-5.68002863719706e-05	-3.7821602875605215e-06	9.608969619117519e-06	-1.6031391157313682e-05	1.7904651728877808e-05
14	6	1.5280004762955322e-15	1.99499923386297e-18	0.537906896323797	5.059368896147721	0.5	-0.023652778530570105	0.04792508659699736	0.004521782398954213	-0.022314967560341344	-0.0017681775448797547	2.012589164010122e-05	-4.820230399557069e-05	-2.045611061628292e-06	-3.482557893915434e-05	-8.331464710491593e-06	1.2538220173941429e-05
14	7	8.714564054182904e-15	1.835113334111258e-18	0.6135631730384112	25.296844480738596	0.5	-0.14344207660653424	0.0028247513446270885	0.034455234214765165	-0.013154710903711555	-1.827128915745097e-05	5.386003055379314e-05	-1.2365426743980394e-05	2.1406695928755637e-05	-4.765323116772891e-06	-1.7735642788371994e-05	-2.162333832674323e-05
14	8	2.060331846864507e-14	-1.7657308743670042e-17	0.7253052118352957	50.59368896147719	0.5	-0.3033216408578165	0.030995435566173693	0.09359077121407455	-0.01574807169654503	-0.05288628325879458	0.00026589893785234947	-0.00011889600035733858	-7.481048101554025e-05	7.029661708387573e-05	-1.5926725700415267e-05	-2.7395810706802198e-05
14	9	1.6492542609024103e-13	3.4134611861186898e-15	1.1611845081116732	252.9684448073855	0.5	-0.7735395004950155	0.3299570582221761	0.14766573204945393	-0.11465400489913308	-0.10904240729868671	0.004418997717150726	-0.002509508810623277	0.0006457835421279195	0.00022091733243399285	-0.00023941585954846223	3.377156138060949e-05
14	10	3.784052827416596e-13	1.0898944033938455e-14	1.3321122234567104	505.936889614771	0.5	-0.9029985740414733	0.49037889396109097	0.08269285464077131	-0.17795498603018267	-0.04235665528375725	0.004868241426797048	-0.003226504547345837	0.0013310828368116587	-0.00022549750897272143	-3.960328684312419e-05	-4.467792831947421e-05
14	11	2.046862881525036e-12	4.8361574276442763e-14	1.4411273777490208	2529.684448073856	0.5	-0.992422209129187	0.6157905871899956	0.010307671728069257	-0.19972971079476853	0.0065723486839953564	0.0032529918276278137	-0.0024326848949918953	0.0013047721363639506	-0.0004925834860984349	0.0001226310902528466	-5.0640515643238106e-05
14	12	4.1102024768313324e-12	9.250235826407599e-14	1.4469277280166994	5059.368896147712	0.5	-1.001243134497694	0.6325291140718307	-0.005323491606174025	-0.1924527258604057	0.009494966904936574	0.002978478768541822	-0.0022797821915954784	0.0012882290380152107	-0.000554102245310483	0.00021093807482190746	-0.00012313855674115287
14	13	2.0575126734448098e-11	2.412699298527879e-13	1.4486255383935078	25296.844480738597	0.5	-1.003348296230283	0.6343347288590209	-0.004763955066279851	-0.19365552932129113	0.007286213202526552	0.0019281806792246755	-0.00136834679527349	0.0006482942217213101	-0.00018393289255586278	5.843916318152315e-05	-8.942933517707483e-05
14	14	4.128753110316459e-11	5.087605427771221e-13	1.4534581668729838	50593.68896147719	0.5	-1.0036724036307578	0.6342900520046315	-0.001750170723530254	-0.19939917038172472	0.011940801017047678	0.002022635386315457	-0.001410101416062366	0.0006130331352410067	-6.518194193525745e-05	-0.00015562215567371527	0.00011916265777918699
14	15	2.0573980444900744e-10	3.332619402143593e-12	1.4485448319981553	252968.44480738568	0.5	-1.0059621703896962	0.6413601918149407	-0.012937463687425073	-0.18905534249157446	0.0062968665697393745	0.002167573247444516	-0.0016203150598607594	0.0008866923157259328	-0.0003623417129556838	9.337577270972966e-05	-6.601802937779074e-06
14	16	4.144133749892782e-10	5.8955624486964685e-12	1.458872662631542	505936.88961477135	0.5	-1.0062074043822213	0.6401925101726844	-0.007278349342133247	-0.2009250281929956	0.01860587548434691	0.00244147319034122	-0.00164094832624877	0.0006306130604965432	5.633452602090098e-05	-0.000368267437654017	0.00032399066875414724
14	17	2.060376578561378e-09	2.3285527946172402e-11	1.4506419177553176	2529684.4480738603	0.5	-1.0024916327248856	0.629800475495525	0.0017289286881349841	-0.19890978824601147	0.008546326216280221	0.0020289575159547183	-0.00139944852857029	0.0006177422829048338	-0.00014100833771954507	4.872952948147893e-05	-0.00011005310674374806
14	18	4.1352969142140895e-09	7.564089791251279e-11	1.4557618030951787	5059368.8961477205	0.5	-1.0051644997860771	0.6369220875365051	-0.004568803162256975	-0.19993291485980566	0.014262083473447894	0.0028567933224039836	-0.0020375656527623106	0.0009670296365439843	-0.00023952305861878623	-4.408949606397117e-05	3.608316882550061e-05
15	0	1.7139330961407204e-18	-1.270250486214486e-21	0.49159607040671655	0.006209625824851088	0.5	-0.0025682865957318978	-0.04421416631020685	0.002725499908884232	0.007421592227928745	0.00896252312635473	-0.000438917115316621	7.386187786327552e-05	2.4791680269428537e-06	-1.1668495100272558e-05	9.9156565365497e-07	5.127883850433434e-05
15	1	8.466323515722741e-18	2.04539365366972e-21	0.48566789222903983	0.03104812912425542	0.5	0.005535050386007752	-0.03337041437342112	-0.002234943454797219	-0.00622706089368203	-0.01120799875819166	-0.00048657162094469664	-0.00021058759176109437	-8.609489551449629e-05	-1.2299361979153976e-05	1.760283657920727e-05	3.7021080707765697e-05
15	2	1.712835247303416e-17	-4.05094531170852e-20	0.49128118170100565	0.06209625824851084	0.5	0.007139171593431883	-0.018837444147922305	-0.00032848495217700183	-0.00801212585330581	-0.00574512316390693	-0.00027048581821187965	9.663127797491602e-06	-2.798165603759263e-05	7.489401278540141e-06	4.971770107858422e-05	-4.125431151905778e-05
15	3	8.973558523636086e-17	-2.4295593915189897e-20	0.5147652633253081	0.3104812912425547	0.5	-0.0009509267235344667	0.01112747023127614	0.0051227595989647755	-0.02943473319815132	-0.004132713611590323	-0.00011533445861674822	5.094291283845658e-05	-8.090407153934518e-06	-6.041252164188138e-06	6.809607019042302e-05	2.087726520433406e-05
15	4	1.8114197459484729e-16	5.174007034897509e-19	0.5195575200516981	0.6209625824851094	0.5	0.0022629805096102303	0.033785747966295444	0.007942639581281951	-0.02634263319714309	0.0016118270758844412	0.00033744952484785824	-0.00011955917660174271	2.9897954215314645e-05	-1.6974684167274885e-06	1.1447711533709769e-05	2.9178759606847233e-06
15	5	9.361846266842178e-16	8.155723865333092e-20	0.5370392633054735	3.104812912425541	0.5	-0.0076993657923158055	0.08507586878862348	0.005691311856372024	-0.027150887223863128	-0.004552415059306636	-0.00014721435151306215	-1.186929287194845e-05	6.066658293407157e-06	-4.814709252952263e-05	-7.085852970059012e-06	-2.5131001791471567e-05
15	6	1.8700727987197438e-15	2.1386023817006366e-18	0.536380586438969	6.209625824851082	0.5	-0.018470359157182956	0.04972632365754317	-0.0014472579449967432	-0.02975409376436964	-0.002511030486884749	8.237744541079852e-05	-1.3774730314583294e-05	3.3356251620970415e-05	6.7129446266903425e-06	-1.6003617011953133e-05	1.7263636988564255e-05
15	7	1.0529230281843117e-14	1.0880470211070778e-17	0.6040058672787896	31.04812912425542	0.5	-0.14525118256865213	0.009187444237414194	0.033461096883968706	-0.003903679896482792	-0.022627688623653615	-9.410765115359911e-05	-0.0001074254517561904	6.597129576336391e-05	1.4112051718071598e-05	7.450905307928227e-06	-2.8318988031728216e-05
15	8	2.504608231908517e-14	8.164795768794388e-17	0.718380179183757	62.09625824851084	0.5	-0.2941324906898163	0.02648754600319745	0.09421319683841335	-0.013348052632467093	-0.04872116799906319	0.00047616037307229435	-0.0002470729568688165	9.4251712815712e-05	2.2614393632898433e-05	1.3686786779709895e-05	-3.535666888181988e-05
15	9	1.995626923349999e-13	4.276278597508679e-15	1.144784887724882	310.4812912425538	0.5	-0.762961614482299	0.32113794359826253	0.14374031203000862	-0.10461317360608419	-0.11421246943200283	0.004389545273442331	-0.002455114808359087	0.0006879600600070592	7.141745058126824e-05	-5.6326624857569044e-05	-7.392182308286411e-05
15	10	4.602210879756889e-13	1.1038387758906621e-14	1.320021644232124	620.9625824851076	0.5	-0.8952111702884062	0.4812944850934102	0.08673881466432995	-0.16619937047079353	-0.043028725845138636	0.004515748355355918	-0.002865081034936293	0.0009954189030742947	6.143812359797919e-05	-0.00028254228396510636	0.00012169411715635764
15	11	2.502180260078359e-12	4.847825528251853e-14	1.4353675602315155	3104.812912425546	0.5	-0.9915186275975538	0.6170064589564818	0.007244753117791385	-0.1933586479125673	0.0004625204196628507	0.002879706479991064	-0.0020709434997137903	0.0009671950972762256	-0.0001552605889740806	-0.0002340295601095005	0.00022018405321612682
15	12	5.045433524634612e-12	7.384104328362487e-14	1.4471482578833637	6209.625824851092	0.5	-1.0024870666413366	0.6372620989013615	-0.01134275143796533	-0.1903995496714473	0.009643664954004243	0.002539848016923474	-0.0017597963716224593	0.0007647606137038973	-0.00011917324165579643	-6.571721748161663e-05	-9.564040241066573e-06
15	13	2.52702301177381e-11	3.8138362499657663e-13	1.4496185238648989	31048.12912425538	0.5	-1.0042435229264814	0.638345637513467	-0.008917755508594086	-0.19193390530670176	0.009391740437556332	0.002783189723237988	-0.0018701562209893694	0.0007045224555373819	6.74701474032535e-05	-0.0003270168127762514	0.00020812820651409415
15	14	5.083620788885525e-11	7.998263892747748e-13	1.4581012577919417	62096.25824851076	0.5	-1.0031287314370905	0.6323943076931664	0.00031011416742623754	-0.20326842388866576	0.02143198208461517	0.0024059764169409464	-0.0017391547764845786	0.0008571069931297285	-0.000254763092371585	2.494439447868877e-05	-2.2377978887881624e-05
15	15	2.52276449951351e-10	4.546920858546513e-12	1.4471756421705573	310481.29124255426	0.5	-1.006041789297683	0.6416007925567224	-0.014361470863777592	-0.1866536745865962	0.005609445072515003	0.0026802953787267896	-0.0019610434767356744	0.0009934906419621994	-0.00032264516384306795	6.582174291756933e-05	-5.842917394295529e-05
15	16	5.041214332379461e-10	6.306021421870778e-12	1.4459380949326683	620962.5824851085	0.5	-1.0023023060847795	0.6307795666197396	-0.0028143463147649924	-0.1917083761247691	0.005655333917412495	0.0019921334204729777	-0.0014054873628486357	0.0006534840128609579	-0.00015250570304756273	-3.250161317591664e-05	1.8536264259715618e-05
15	17	2.524749144932461e-09	4.934637172382795e-11	1.4483141275540365	3104812.912425538	0.5	-1.0054120307444463	0.6392789810947199	-0.011824575661688446	-0.18919795941110956	0.0074254021209823095	0.00255556946492276	-0.0019511676399363003	0.0010815238332648452	-0.000419355606373397	7.255934096157518e-05	1.1858926196382002e-05
15	18	5.059943156107778e-09	8.906521407463795e-11	1.4513099593122734	6209625.824851076	0.5	-1.0033001703102578	0.6325564299801487	-0.0024604902372088256	-0.1968206846854392	0.01119937882857761	0.002321119374046419	-0.0017724196409096766	0.0009982889413884103	-0.0004304560561835212	0.00015639986938941142	-7.129168618977843e-05
16	0	3.333986839363483e-18	-4.5705209026911276e-21	0.4837303916155471	0.012275536341491653	0.5	0.0029492580951619007	-0.04552227016735312	0.002500280118927285	0.011487618312994444	0.003783445846511798	-0.0006034074585249147	0.0002129801085130842	-2.8921639261370523e-05	-8.675326656544343e-05	3.5918327828214604e-05	7.49901495386882e-05
16	1	1.6726167279761938e-17	-8.128449380214116e-20	0.4853621707763616	0.06137768170745817	0.5	0.008452475759515242	-0.03335639212576014	-0.009526787901879495	-0.006340983490862024	-0.0032312982375735473	-0.0008378653784132272	0.00016697576747664363	-9.795892466462799e-05	-5.034882966693907e-05	2.1547641023875135e-06	2.2868537380193345e-05
16	2	3.357587793096965e-17	-1.210629947680655e-19	0.48715466985720324	0.12275536341491634	0.5	0.006149417388347752	-0.02270676540153474	-0.0011927716545381516	-0.001049761869867704	-0.008081862707132006	-0.0006192934429790284	4.768167056491305e-05	-9.459015171631411e-05	-2.9465932787287847e-05	4.262884158546445e-05	-1.2494618345159338e-06
16	3	1.7094054034529189e-16	-2.802420367768084e-19	0.4960375580845914	0.6137768170745821	0.5	0.013015339331786604	-0.0020076339717454814	-0.0007103889604345833	-0.01271590359939608	0.0018699447920020997	-0.00032240525403587957	-6.974328342427976e-05	-7.718548240771859e-05	-7.089265613928208e-06	-7.382355560270669e-06	-2.6323406847957396e-06
16	4	3.5340065437501185e-16	-6.050061709384642e-19	0.5127513849774307	1.2275536341491642	0.5	0.009048286085721705	0.026464213239536575	-0.00018807163897311774	-0.028035484852848968	0.0031339427172862827	3.504765737135762e-06	6.643541733196156e-05	-6.877065906370539e-05	-8.984532514682087e-06	7.453327965405902e-05	-6.883742935840401e-06
16	5	1.8160363829038002e-15	1.1507620564203086e-19	0.526979879055463	6.1377681707458285	0.5	0.0015509005180103545	0.06905293938158527	1.3233570551764363e-05	-0.02649265309161631	0.0001286216332805844	-0.00014510849270902933	-9.02449260287656e-06	-3.672109145696637e-05	-6.512374303776652e-05	-2.2179416126637192e-05	-2.881040010179426e-07
16	6	3.604748844331173e-15	-4.250242186758148e-18	0.5230154329214199	12.275536341491657	0.5	-0.01221163269265384	0.04315571830783003	-0.0030953899689976356	-0.01852365994044516	-0.009014946568931944	0.00014779076875950218	-2.730921487184149e-05	-3.815325908695576e-05	4.62509521691387e-05	8.594131955259852e-06	-2.064197069068763e-05
16	7	2.0027537607326223e-14	-6.052050479324121e-18	0.5811617787751434	61.377681707458336	0.5	-0.10716543963379216	0.004355381422137871	0.025732381814384437	-0.011973651469648258	-0.013623453953982923	-5.177924544857586e-06	2.3239109455173497e-05	5.404368782020439e-05	3.1603185570115835e-05	1.1912844023715695e-05	-2.6323964152319792e-05
16	8	4.664941317344122e-14	5.972187178433719e-17	0.6768394714879065	122.75536341491667	0.5	-0.23912781994639998	0.030279577454937288	0.06813236047679079	-0.005565904021612454	-0.03760061230511255	0.0005519713001632221	-0.00011278502985885474	-4.503805908884648e-05	4.9386869393161945e-05	-5.796100903390253e-05	3.582193567778925e-05
16	9	3.811283992261519e-13	8.347487019498433e-15	1.1059635127334309	613.7768170745817	0.5	-0.7145711516930374	0.30447749792617135	0.1305823281138042	-0.10308824611710787	-0.1075400767010573	0.004582682734762432	-0.0024743638760329457	0.0006161537831734998	0.00019404912570430584	-0.00022247724716186994	4.698056804902816e-05
16	10	9.006707300692251e-13	3.212933887201243e-14	1.306789216529202	1227.5536341491634	0.5	-0.8664562118242347	0.461893707618133	0.0914761796799549	-0.17972188148527782	-0.028069029814777713	0.005812608250226105	-0.0038581950414482554	0.0016154548060073486	-0.0002864746830057652	-6.696482560144694e-05	-1.609754032771113e-05
16	11	4.950960297548025e-12	1.1465485576252445e-13	1.4366763151729578	6137.768170745825	0.5	-0.9919442670753358	0.623471518636759	-0.0015687434833365115	-0.19201933061808463	0.004438652499278292	0.003639583550716316	-0.0026130936289029847	0.001236733387197092	-0.00028445925303659123	-5.238854521222998e-05	-1.0194397840493294e-05
16	12	9.932597251111112e-12	1.5900178175980483e-13	1.4411272118149057	12275.53634149165	0.5	-1.0033720748374166	0.6426894687896636	-0.01891540802518361	-0.18236845503301868	0.0005863559975082016	0.0024770016702214937	-0.0017900953151076884	0.0008477123056741279	-0.0001750300420727115	-8.56651372861176e-05	4.3438953434596003e-05
16	13	4.9878707248642585e-11	8.15206116584715e-13	1.4473870325936578	61377.68170745829	0.5	-1.0076332260825833	0.6490277584445873	-0.026229255574393973	-0.18028377743083399	0.010707406620660501	0.0026873922326738405	-0.001850643239718745	0.0007421900086964179	5.368021593085571e-05	-0.00042744622759720806	0.0003642180308786009
16	14	9.959599217402883e-11	2.1726779112988594e-12	1.445044945254789	122755.36341491657	0.5	-1.004193053893632	0.6365042261604525	-0.008854699759739416	-0.1890579298388616	0.0016177039210208272	0.0029696934367374568	-0.0022274020473117525	0.0011819050340329089	-0.0004039589228732722	1.8171331737944917e-05	4.923761471440443e-05
16	15	4.999818987619004e-10	1.1624669448083702e-11	1.4508541955429768	613776.8170745828	0.5	-1.0055725970528977	0.6407717609486749	-0.015532717837749396	-0.18732644472840468	0.01666045349740202	0.0029376390012320454	-0.0022814498078088242	0.001304176428391841	-0.0005360983879010929	0.0001138386901649815	3.422957164963122e-06
16	16	1.0027991200568063e-09	1.5905357311297738e-11	1.4549679840650362	1227553.6341491656	0.5	-1.0070824233819924	0.6444447079325453	-0.0169702447522642	-0.1915695985151837	0.01841283612770082	0.0024936072868385517	-0.0017378584059062406	0.00073182541872348	-6.076955193491931e-06	-0.0003602243094690805	0.00034348496960784423
16	17	5.012713494438823e-09	8.949854691414126e-11	1.4545959408672227	6137768.170745821	0.5	-1.0075607769396497	0.6464559482463058	-0.02075619882838177	-0.18835198036719905	0.020444846061858542	0.0026053267550155547	-0.0018850633671339246	0.0009168817789554726	-0.00021303182380118485	-0.00013869051395180143	0.00016259850708410874
16	18	9.9397966959262e-09	2.0970515148446825e-10	1.4421717841025652	12275536.341491641	0.5	-1.0045083353908602	0.6375865717638947	-0.012604225287377169	-0.18382272311418502	8.155846479056408e-05	0.0027101595984122023	-0.0021019236905643994	0.001160649734603656	-0.0003826754840042896	-4.6464377442094467e-05	8.98768030621205e-05
17	0	8.17424893200028e-18	-2.425215312088287e-20	0.48283411917858593	0.030152954800358005	0.5	0.0076237576951540004	-0.04534534918011666	-0.009837957671363695	0.0026998797145389975	0.006381503980893431	-0.000639715494563154	-2.0679416536053807e-06	-4.7099688431779015e-05	1.5631169458339985e-06	7.415123448594928e-05	-1.2539184967888062e-05
17	1	4.0469582382598e-17	-4.794085950211955e-20	0.4780890654487422	0.1507647740017897	0.5	0.018825617157342992	-0.030188502786498768	-0.013949918203358497	0.0037377499161591033	0.007806176794735664	-0.0007331037480014508	-9.86451470819538e-05	-2.4770172680109176e-05	4.942912266720979e-06	-6.0972429203253984e-05	3.456557867549528e-05
17	2	8.108954384331273e-17	-2.4053175201559806e-19	0.47897732014136774	0.3015295480035794	0.5	0.022267396047920746	-0.01747729651994498	-0.01759270108050886	-0.005555251574091466	-0.0001458014316372395	-0.0008026357952268521	8.432351025666976e-05	-3.747528351024542e-05	-4.218914610207288e-05	4.740484179655919e-05	1.246060100164485e-05
17	3	4.1114995038937474e-16	-9.272964750642913e-19	0.4857136742421048	1.5076477400179018	0.5	0.0246247911308224	-0.004643953414458642	-0.01057089157998428	-0.00863126629272843	0.0070524460813879124	-0.0005247502930179239	4.56965475860683e-05	-3.479241207287239e-05	4.2866872658602024e-06	-7.425554403219559e-06	2.849645610848669e-05
17	4	8.247953915204316e-16	-1.5286596037127634e-18	0.4871877033354219	3.0152954800358036	0.5	0.02683637701254029	0.007273457662001584	-0.016098205822015297	-0.024370429999118776	-0.007211960681495286	-0.0003479070143306339	-9.160085911451253e-06	-0.0001436247860153861	-8.788673090755967e-05	5.6520639847932146e-05	4.436771282025899e-06
17	5	4.359650293933704e-15	-1.571606379768357e-17	0.5150290692414822	15.076477400179016	0.5	0.015583478699574148	0.04817899375473886	-0.00947072931288864	-0.02936882602446984	0.009973694025797375	2.431450423210412e-05	0.0002129412937222017	-7.688401153549793e-05	-2.2593747975200012e-05	2.3918632408077593e-05	-2.579147561845972e-05
17	6	8.754916914809045e-15	4.350658594478839e-18	0.517132843911216	30.15295480035803	0.5	-0.002092335536710739	0.03272967265411775	0.005205335597602226	-0.011135352660693274	0.0053959789199816395	6.579719584257982e-05	8.966050797571843e-06	4.256318597130074e-05	2.0150883964929106e-05	3.923791834060449e-05	-6.4368696966198396e-06
17	7	4.7095021262375544e-14	8.244021922209462e-17	0.5563589584334211	150.76477400178985	0.5	-0.07385997589451809	0.01910354957063252	0.014675983329340008	0.002417487398940614	-0.0060058125438247215	0.000264814805067333	-3.744983674433941e-05	5.1502363230535794e-05	4.056551721152534e-05	-4.138103993225437e-05	2.9332678222112335e-05
17	8	1.1054372157937492e-13	4.85987350533569e-16	0.6529563863727288	301.5295480035797	0.5	-0.18494869941398906	0.04660603842206398	0.04924313870343467	-0.019144955753607067	-0.015855910527616254	0.0008928538874143413	-4.570030598417083e-05	4.2372247078842595e-05	-9.793959998842405e-05	1.6691941399473285e-05	-8.305446734052403e-07
17	9	9.263776691163897e-13	3.1074986180809556e-14	1.0943800454705996	1507.647740017901	0.5	-0.6763765780265732	0.292779699733261	0.13212360230270542	-0.12363277399311393	-0.08163847639747067	0.006061983546827269	-0.0034596831310564667	0.001088352324928415	4.395124814279877e-05	-0.0001339101274304306	-3.1831307231740795e-05
17	10	2.1828054955990226e-12	1.031533827757087e-13	1.289333096622282	3015.295480035802	0.5	-0.8448676481729508	0.44223132478828736	0.10261195474188943	-0.18212145462747628	-0.02865062510794066	0.007378626714622259	-0.004946232421196791	0.0021225484262969883	-0.00041433198057961787	-9.190662830423894e-05	1.4528271288071433e-05
17	11	1.2233098168793587e-11	3.842830114154139e-13	1.445162051777461	15076.477400179007	0.5	-0.9899084177217119	0.6151307598080491	0.009564813444770717	-0.2029688837831397	0.019330367420820022	0.004139593732375688	-0.0031412845205419245	0.0017581596246280455	-0.0007482238213219856	0.0002478703418679762	-9.305817294176268e-05
17	12	2.4396413271523957e-11	6.583280025963689e-13	1.4410401262627743	30152.954800358013	0.5	-0.9991630922544601	0.6296088151458995	-0.008410672598919419	-0.1846947519683451	0.009523460147655233	0.0038078862365974256	-0.0027848493402198504	0.001395784468914999	-0.00038761193213161733	-0.00011717578539815901	0.00018619003508772662
17	13	1.215298510899053e-10	2.7900250365483016e-12	1.4356978627158135	150764.77400179007	0.5	-0.9991987586009261	0.6250165361354347	-0.00510193792761562	-0.1803365919542415	0.0014472867723001382	0.0034212994258993722	-0.002502888209483887	0.0012636812605375	-0.00039291047743133313	6.339147061377155e-05	-8.298817678811668e-05
17	14	2.4382705735419173e-10	7.61911788303301e-12	1.4402304535728034	301529.54800358013	0.5	-1.0031272484157225	0.6350674303659488	-0.012502661269280763	-0.18223428991582286	0.0008598820344786827	0.0037703182393685085	-0.0029434581690881713	0.0017298262282293446	-0.0007679083173606675	0.00018110345060467852	3.558797750490472e-05
17	15	1.2163983495081302e-09	2.2831568988088103e-11	1.4369971615516315	1507647.7400179028	0.5	-0.9993927372184789	0.6257055532084786	-0.006403492974330522	-0.17956537130003916	0.0055289372803398445	0.0032579345491072767	-0.0022395550774902064	0.0009222412287328795	-4.158800595348616e-05	-0.0002540643817983904	0.00014363838706412787
17	16	2.423925540167704e-09	4.198136714801641e-11	1.4317571716707653	3015295.4800358056	0.5	-0.9971516816983916	0.6197261634970062	-0.0011240161068496604	-0.1788791686498483	-0.001964718959127691	0.002894249597742513	-0.002020702475765322	0.0009041277257149395	-0.00017278258118193286	-5.1448330137838365e-05	-1.916695018422644e-05
17	17	1.2184696323539453e-08	3.0360631683425096e-10	1.4394440800067665	15076477.400179023	0.5	-0.9975557766223018	0.618876590177837	0.005184232117113633	-0.18956927804830717	0.0037734746987141948	0.0038595076034844094	-0.0027400583421661904	0.001269276483032271	-0.0002528424153763525	-0.00017051112285046695	0.0001503041195678625
17	18	2.4214261964120523e-08	6.083886415179355e-10	1.4302808666905489	30152954.800358046	0.5	-1.0020108436794501	0.6342105474517028	-0.018381574139355487	-0.16898441603105285	-0.00585895073818448	0.0034771085217242016	-0.0025852036186968805	0.0013375495490110536	-0.0004088716644622619	-3.9445163710247655e-05	8.005507241022817e-05
18	0	1.292280187980439e-17	-7.05757864999061e-20	0.47482728531781804	0.048473121554030635	0.5	0.014618020900418253	-0.04225371561312241	-0.016508654142744494	0.005544840672967432	0.002390926746102078	-0.0002529950270422836	0.00017962214060617186	-0.00012192483494056967	2.2304425878572667e-05	7.184585872547727e-06	6.550344734565594e-06
18	1	6.442002006579448e-17	-2.4607000337161346e-19	0.4734017209652308	0.24236560777015292	0.5	0.024965843006860222	-0.03651366572419026	-0.01870255341553565	0.0119769847676512	0.02224269748895619	-0.0011979661019212524	2.4033273505843802e-05	2.8935388142874192e-05	2.9217952757787172e-06	3.730326115260642e-05	-1.687771461358689e-05
18	2	1.2892829934129593e-16	-3.1690284928361517e-19	0.47372601504123113	0.48473121554030585	0.5	0.030017375732514652	-0.020130828734024424	-0.019660927115392895	-0.00375625408347748	0.005147944099471574	-0.0010636949414828166	0.00012194179920868693	2.1163002562599273e-05	-6.205005103237873e-05	2.711363231584522e-05	2.6228936143101382e-05
18	3	6.500645836335633e-16	-1.544964110739052e-18	0.47771126478440584	2.423656077701531	0.5	0.03661330942118892	-0.0012836939754934048	-0.01661137111322006	-0.003308233245276347	0.014679180556750791	-0.00012527677885446254	0.00015334602082115698	-4.351027736124229e-05	-3.802245601926665e-05	-1.9210005390415518e-05	-3.559608249396098e-06
18	4	1.3407058681986026e-15	4.08578578351599e-18	0.49262051196597556	4.847312155403062	0.5	0.03440308517670326	0.017869886724541872	-0.0137762692093738	-0.02821900974719545	0.009186853067498002	2.3813747494624965e-05	-5.864494311871655e-05	4.603583555019152e-05	-3.891564241055517e-05	1.3753614431549882e-06	3.433102149199302e-05
18	5	6.801562817136175e-15	-3.586669747284426e-18	0.4998246724538128	24.236560777015377	0.5	0.02311875396007949	0.04504950729823857	-0.006812579725145725	-0.019578731471182977	-0.004897720389233323	-0.00021504491310842525	2.3412826138202023e-05	-1.4856562201044743e-05	-6.31589783844096e-05	2.7032974019458172e-05	-2.598497784859848e-05
18	6	1.3896343374975543e-14	2.7972165203385635e-17	0.5105984802642308	48.473121554030755	0.5	0.012373595071901524	0.040714696380016464	-0.004340394683311203	-0.021107045777121938	0.0036251848865237056	3.7317500654429286e-05	-0.00010536911336027093	-1.8902849277502048e-06	-1.4207275701074177e-05	2.813841853788797e-05	2.420026458975571e-05
18	7	7.663496474333015e-14	-3.12996269767332e-16	0.5631653662719921	242.36560777015328	0.5	-0.07472533994679778	0.023133669096162317	0.016689041411840973	-0.013178805038264657	-0.010011883294077437	0.00013067499856933784	0.000168446030368981	-4.911232558853919e-05	2.44732046083217e-05	3.0172149834586746e-05	-8.909996047295517e-05
18	8	1.7642476159404946e-13	1.2915556606271973e-15	0.6482440216116178	484.73121554030655	0.5	-0.18440927586051814	0.045490938791539745	0.04449332063824384	-0.02532982932850609	-0.03109642769103577	0.0011451804555710132	-0.00034669741537752375	5.560160153396969e-05	-8.9208774060763e-05	-2.1736778984249433e-05	-9.10507266276686e-06
18	9	1.4894007136435967e-12	4.8277929488866775e-14	1.0945120171114389	2423.656077701532	0.5	-0.6748566860687203	0.2767632115073526	0.15268530551483997	-0.1292116509134052	-0.08347643249320046	0.006290110670986958	-0.003569793537030904	0.001001949558684776	0.00022626784392857068	-0.0002761479185653834	1.3262285700076863e-05
18	10	3.488181120952721e-12	1.569476626907893e-13	1.2816752804569922	4847.312155403064	0.5	-0.8496559274335498	0.4326170988583354	0.11208211659133721	-0.1719560231742146	-0.04511401907735378	0.007426493970096239	-0.004885094366045618	0.001961641043219512	-0.00025270846272795565	-0.0001822471818308634	2.1544325669598798e-05
18	11	1.9276743376998945e-11	6.45993468375189e-13	1.416585011919595	24236.56077701533	0.5	-0.9866335089377997	0.6029888953837651	0.01029174453955363	-0.17602489131782945	-0.01370132513268727	0.004841527368133767	-0.003542039420200507	0.0017683446506254659	-0.0004949037351691285	-4.6330526939162306e-05	4.4697745404586e-05
18	12	3.871507838110819e-11	1.0209591544287927e-12	1.4225224327935295	48473.12155403066	0.5	-0.9896740946026766	0.6016521302666636	0.01594521723907674	-0.1813950878148384	-0.011197537917078207	0.003938363785193282	-0.002848235459281141	0.0013823998963232518	-0.00035938900414619527	-4.8838632018586266e-05	3.644030922554139e-05
18	13	1.9442719918672988e-10	4.755665317190508e-12	1.4287820867401388	242365.60777015344	0.5	-0.9915020538322153	0.6042339423066675	0.014946055845810272	-0.18502474299568514	-0.0031482479981619917	0.003194590006258988	-0.002423203958944441	0.0013721322399664138	-0.0006272622169665059	0.0002776208294355625	-0.00014516174858820685
18	14	3.87940995944847e-10	1.0214216410737587e-11	1.4254259384402976	484731.2155403069	0.5	-0.9911183439335728	0.6031670270979369	0.014986657276145184	-0.1822281674198811	-0.007644885927511286	0.0034857760850675688	-0.0026122858396476147	0.001440514359006588	-0.0006214827148607676	0.00023143582444274394	-8.796748717516014e-05
18	15	1.9405714806527754e-09	3.624205550530097e-11	1.4260627017172585	2423656.0777015323	0.5	-0.9911222961014493	0.6035297972881306	0.013919988013658841	-0.1817098645474011	-0.005136173732849047	0.003162245062250995	-0.0021877433152368126	0.0009336111016649757	-9.800397027583645e-05	-0.00017986639806989	8.467573823537306e-05
18	16	3.896276831876158e-09	1.0965517246612688e-10	1.4316233957108906	4847312.155403065	0.5	-0.9916450187017947	0.6039200131814018	0.016695457280234374	-0.18827614863218303	1.5764695387982362e-05	0.003965719641674196	-0.002914013525421923	0.0014966354259561131	-0.00047839005735624	2.677470133562247e-06	5.2732522025001015e-05
18	17	1.9404642032065096e-08	4.267842636329262e-10	1.4259838670201699	24236560.777015336	0.5	-0.9923587275517842	0.6058627493664513	0.013942540209932559	-0.18320261012809416	-0.01085099775973344	0.003392610376754265	-0.0023995844077972627	0.001076331562470626	-0.00014306426367863005	-0.00026707798130744053	0.00023633954714141764
18	18	3.881248781733647e-08	9.055318800870843e-10	1.4261015837082314	48473121.55403067	0.5	-0.9927374108688173	0.6087189566965912	0.007035187399315956	-0.17773245406425436	-0.003985026936797011	0.0032531065103098573	-0.0024093892870825466	0.0012589377290222056	-0.0004360446717666614	6.846714556735204e-05	-1.7449659227908896e-05
19	0	5.391768786701642e-17	-1.8660623155769132e-19	0.4910379727453558	0.1955672600665613	0.5	-0.017608684518690382	-0.039519525913331036	0.019803611760794256	0.018376805264949978	-0.020148000238517073	-0.0006013261962055	7.61632508756206e-05	-0.00011855276762259685	-5.422294106114461e-05	4.8184633889092114e-05	1.4979486184395577e-05
19	1	2.7969285078955347e-16	-7.853206121029134e-19	0.5094425071854313	0.9778363003328056	0.5	-0.03350585183203652	-0.02946289656394974	0.030528315007516293	0.012545444247914274	-0.01912440435439578	-0.0012117073478417383	-3.932260476214263e-05	9.613000640243493e-06	-2.4120469355286837e-05	2.1956855334748417e-05	-1.4673088260472524e-05
19	2	5.698166339543064e-16	-1.4175123611297968e-18	0.5189421428151986	1.955672600665611	0.5	-0.03807019960899232	-0.02367407969395457	0.029970274904030474	0.0008954995157665662	-0.018616462539284787	-0.0009524090647123595	-0.00018998699995105507	-7.815749029314132e-05	1.277715792302003e-05	-1.7026833550870664e-05	1.7660905954543751e-07
19	3	2.913095466021608e-15	-1.0187083364951173e-17	0.5306015701478171	9.778363003328046	0.5	-0.04390936523730493	-0.0025381724416472747	0.032881213901325354	-0.007459297870667886	-0.02304128243606449	-0.00037109393490852854	1.5996052396547564e-05	-0.0001576780785434034	-7.083762893241137e-05	-2.7133970991997976e-06	-3.369931047613145e-05
19	4	5.838261879899442e-15	-1.9966133294865093e-17	0.5317008928374427	19.556726006656092	0.5	-0.03904821460929162	0.006142727368984545	0.019067540880749554	-0.007043786150108454	-0.009791765367908451	-0.000509518724728246	-3.0782778312692166e-05	-0.00011818834150110421	-8.914106606461926e-06	6.803287621451837e-05	-2.6525853359435227e-05
19	5	2.9075224710712976e-14	4.1030516502201e-18	0.529586485024259	97.78363003328062	0.5	-0.0127024157933159	0.03981692775174141	0.008173014201846521	-0.02767422057267169	-0.005423024671690548	0.0003525397050175218	3.741290227849182e-05	-6.617855745124696e-06	3.6169323730441046e-05	-5.0546715073325876e-05	1.8748694396176922e-05
19	6	5.716618601158246e-14	3.84544859999105e-17	0.5206226230981129	195.56726006656123	0.5	0.0009602054291085656	0.030846838846232825	-0.0010284427553465109	-0.022210592926378173	0.012641092655053511	6.90995745581646e-05	-2.146260704522898e-05	-1.2803767511645285e-05	4.582395654297315e-05	5.274785218495188e-05	5.400356543931169e-05
19	7	3.141606876531581e-13	1.441461070502261e-15	0.5722234512799411	977.8363003328062	0.5	-0.07877868844876858	0.03733483715522342	0.014519233424243038	-0.01824594850237234	-0.0074385144525694	0.0008242844631878772	-0.0001425812771838461	4.5162561838922946e-05	3.857148750472655e-05	5.208268180492222e-05	4.413161965476422e-05
19	8	7.423835390592112e-13	5.772849857835531e-15	0.6761018924221349	1955.6726006656124	0.5	-0.19662249612492197	0.07411382511775033	0.03952368990058152	-0.046928503236415946	-0.019995278529364727	0.0018873334655432896	-0.0003542004395334734	0.00014362878446188795	1.3022167878081594e-05	-2.1308886236454685e-05	-5.9972257450996266e-05
19	9	6.08058205163223e-12	2.888498317823987e-13	1.1075388436943008	9778.363003328088	0.5	-0.6285777567851385	0.3233011469261415	0.09829833156829644	-0.17374717183818586	-0.015226069105774847	0.007453736970085495	-0.004453492507156317	0.001709527437800531	-0.00011660562661753779	-0.0003113900997708243	0.00011012678727753905
19	10	1.3951117551940507e-11	7.97019695558117e-13	1.2705530877238786	19556.726006656176	0.5	-0.7887159277685443	0.46872254668354935	0.049185429815890254	-0.19912682724387099	0.016174500378500788	0.008047923646797177	-0.005523190742565565	0.0025935236070499844	-0.0006175881350526081	-0.00015013330268424474	0.00014738181391641018
19	11	7.808762871581376e-11	2.4381789729362993e-12	1.4223158454300802	97783.63003328041	0.5	-0.9701958247872375	0.712452587810824	-0.13401386159669032	-0.15090254509042883	0.05472379660469716	0.0034670586410576435	-0.0027984823741794033	0.0017058554396940152	-0.0007113073191017219	2.4889882358696655e-05	0.00018182976130989292
19	12	1.5766324403098374e-10	2.667776183116402e-12	1.4358672040310323	195567.26006656082	0.5	-0.9938808897655272	0.7627556616947625	-0.18881663430598092	-0.12580401698714058	0.06566974346701242	0.0016069913542812772	-0.0014234728725406778	0.0010564891010843259	-0.0006871080764962552	0.0004124942135476519	-0.00021342971373058367
19	13	7.489537450688777e-10	-1.8815315605338176e-12	1.3641709917744458	977836.3003328058	0.5	-0.8823584813002703	0.8058937076256828	-0.21257179959758024	-0.11662566618223962	0.07713144105430322	-0.0009453659823628993	0.0005493166256706876	5.873986635098402e-05	-0.0004009270946797405	0.0005113928480659826	-0.0003664307750699576
19	14	1.346729381524378e-09	7.372697031044102e-12	1.2264903995352485	1955672.6006656117	0.5	-0.6564917345523347	0.8080927700838266	-0.1612271258586683	-0.13421179694959867	0.09113553092615274	-0.0007866354397047713	0.0003428464747824807	0.00046012136646919827	-0.0006627751538491678	0.0005535369785289624	-0.00012314527376075459
19	15	1.9852449837598075e-09	5.905794668650903e-11	0.36159958291707317	9778363.003328057	0.5	0.5509887035573126	0.771790780468952	0.12373947683140164	-0.05793117204187353	0.03420983807537216	0.0011259247771102157	0.0006581839811436982	0.0019055518431104507	0.001584588952190818	0.0010782077800612557	0.0006732592463898485
19	16	1.6740892112021436e-09	-1.4444735247597673e-10	0.15246228185657204	19556726.006656114	0.5	0.8651498047210305	0.7888824426923663	0.24760252105105024	-0.11117378897957408	-0.05840467046184249	-0.0015304431813202351	-0.0016375143611556304	-0.0016250876604672001	-0.0015511515022304206	-0.0018000780572624544	-0.0014347472871724914
19	17	1.1144944393419142e-08	-6.030642903197601e-10	0.20299798147138484	97783630.03328064	0.5	0.7299165317796612	0.67538119020706	-0.004833214712573265	-0.29669514535737646	-0.18473659423130367	-0.004557496712779273	-0.005064152404117935	-0.005028836545882911	-0.004770500169741943	-0.0036095125976181156	-0.001962859829763434
19	18	1.894244755459567e-08	-1.151086753012947e-10	0.1725122388219832	195567260.06656128	0.5	0.7599644240506332	0.7732254158747783	0.07922416284303295	-0.06346803601356595	-0.061778153244045654	0.009833933468989564	0.012282890533083053	0.011837421124363196	0.010274898079937147	0.006142198827958663	0.0019707428407218282
20	0	1.1915989434808536e-16	-2.357140978147399e-21	0.4929807280366777	0.430506920029567	0.5	-0.019074150738014706	-0.046111862833204516	0.018911605702352174	0.023913683580370642	-0.006939868169069231	-0.0005565945678241447	-0.00010593305682972351	6.539695539284393e-05	2.8835577374171335e-05	-4.557740141470683e-05	-2.345680193310274e-06
20	1	6.075019706282621e-16	-2.5651260661642562e-18	0.502663694697795	2.1525346001478316	0.5	-0.03791000921518424	-0.043149557789461085	0.03328000523952179	0.016759377603432	-0.03308919696466289	-0.0010837046606523213	-0.0001377961001951806	-9.853369766594674e-05	7.659692536510737e-06	-4.3039365613417985e-06	-2.1106561541371624e-05
20	2	1.2479492782340761e-15	-7.934873162192891e-18	0.5162936297505767	4.305069200295663	0.5	-0.04396159812696262	-0.0316699704096124	0.03741875135641264	0.0022910991513532737	-0.03343114603358986	-0.0011008990758201269	-3.7192177899304485e-05	-7.225132623746612e-05	4.3904992473883186e-05	2.432688248731825e-05	-7.312000914450199e-05
20	3	6.352115098250718e-15	-1.2946289156206362e-17	0.5255913229598682	21.52534600147832	0.5	-0.04427810885217705	-0.01260876842400147	0.029213290959598112	-0.0022127433600617656	-0.022970799993461844	-0.0007596747948644874	-0.00014893899461884826	-8.200442241063218e-05	1.878485760789024e-05	2.9173360973962672e-05	1.593184390808959e-05
20	4	1.3067066723769174e-14	-2.898735510672721e-17	0.5406023647495024	43.05069200295664	0.5	-0.04610993317366426	0.0027712029866772013	0.034087336568946414	-0.010805171336778743	-0.008280383431611736	-0.0005328058864355025	-0.00012374935568089184	-6.260817232691658e-05	4.6814396862790714e-05	4.4962655417245536e-05	-1.0662669885815827e-05
20	5	6.407765047171615e-14	1.1694486131384027e-16	0.5301959514692037	215.25346001478306	0.5	-0.02544679014080283	0.03256420928576273	0.009488781562556616	-0.011297303824052168	-0.005871478882227323	1.0119703770569095e-05	-0.00011474479086304322	4.252166143339934e-06	-3.107379710525736e-05	9.740155511055415e-07	2.2624359617128926e-06
20	6	1.2620966942735817e-13	3.3822680546296887e-16	0.5221466086384399	430.5069200295661	0.5	-0.010409578731574609	0.03052930549514616	0.012172674044212808	-0.013369583915127763	-0.0011437227621038234	0.0004958216673279008	-0.0002332442402903541	-9.760506611361868e-06	-1.396236440499556e-06	1.7202748430901403e-05	-4.858456145609538e-05
20	7	7.297663679383219e-13	2.8035065757708255e-15	0.6038285907035069	2152.5346001478356	0.5	-0.11444910655212942	0.04390669319562842	0.015872352329820164	-0.024268952916878427	-0.001972434743074175	0.0008453577651484631	-5.641948842219373e-05	3.294991812843768e-06	-3.63172506072182e-05	4.643439748033353e-05	3.0314647295068076e-05
20	8	1.747047557779952e-12	1.481710985642427e-14	0.7227773922265975	4305.069200295671	0.5	-0.2440121759035167	0.10675649552954274	0.04003737158341396	-0.05824016735037662	-0.019145824597326454	0.0023483840708640054	-0.0004242744923253803	3.898592592644433e-05	2.5872114882781665e-05	-2.6186940711899087e-05	2.4090462899752788e-05
20	9	1.3872524406164511e-11	6.025607814183553e-13	1.147850494308107	21525.346001478287	0.5	-0.6694732437448834	0.35737376920859104	0.08796252094088695	-0.1854830056534562	-0.01539785951031475	0.006788152056338485	-0.004089201706672446	0.0016709625747443118	-0.00011865593342071668	-0.00030300638273392255	0.00015680687720804956
20	10	3.142825375577433e-11	1.7196403131936133e-12	1.3002297041472721	43050.69200295657	0.5	-0.810274629287597	0.4972702512094799	0.03048722649558848	-0.21054354670192607	0.03204763490749895	0.00762175902493365	-0.005323590889360951	0.0026060883517654994	-0.0006636177293843667	-0.0001354687478287922	0.0001201699996342901
20	11	1.7294793262382291e-10	3.830650508326021e-12	1.431018350658695	215253.4600147829	0.5	-0.966806387250211	0.7317963163013991	-0.1594889449145954	-0.14889138335499227	0.08556018192251542	0.002640773267919492	-0.0020157153127758234	0.0010998010975371243	-0.0002864931087789293	-0.0002954231122383798	0.0004237119116539897
20	12	3.4372326765634195e-10	4.733566555737476e-12	1.4220300182323249	430506.9200295658	0.5	-0.9812539957787422	0.7691788637786782	-0.2135659090062499	-0.11190828857738556	0.07500238354759929	0.001501616548037991	-0.0011850309727715418	0.0007048149804970049	-0.00024907391204919484	-0.00010257627096724223	0.0002172953420831098
20	13	1.5439184082474656e-09	4.543876775960757e-12	1.2774801875934907	2152534.600147838	0.5	-0.7892328971939325	0.7898298398138639	-0.21238090365220616	-0.08576443837899608	0.06562745630643306	-0.0004070868554512695	0.00015253164900722242	0.00025373715225296905	-0.00041804786257669654	0.00037530233445317787	-0.00013690332470555776
20	14	2.5012902358684868e-09	-1.5170753593970073e-11	1.0348178707740614	4305069.200295676	0.5	-0.43209633498278793	0.8354717759578683	-0.20465577124532242	-0.0915894038611853	0.051595445629803324	-0.00036593931177602684	0.000790591357905256	4.422637847340449e-06	5.79612490547318e-05	0.00021584702797793062	-0.00012630782669989879
20	15	2.2204378869701947e-09	2.578614192781783e-10	0.18372508503258514	21525346.00147828	0.5	0.8196580827645062	0.6973038864872525	0.11956203134621356	-0.11604590969231222	0.055118977962128106	-0.004014717283383088	-0.0018224953908996977	0.0008077983223925794	0.0024021174611451785	0.003224420502019595	0.0024809980004367764
20	16	2.8895329415683244e-09	-6.647727500959935e-11	0.1195439171051269	43050692.00295656	0.5	0.8824594983870979	0.765335894553867	0.14395669979526582	-0.04986846861298388	0.017292095333279644	2.7358429003275163e-05	-0.0002626345057718087	-0.0004412646075869979	-0.0008459807131159729	-0.0007405788946432928	-0.0006026668757855181
20	17	8.619350355889054e-09	4.989354825432369e-10	0.07131885500396411	215253460.01478302	0.5	0.9106521695278976	0.7439725352816252	0.06071866759633033	-0.05219383533190673	-0.0071431972160007975	0.0036976439695087563	0.0006043182270733706	-0.0029493798654177724	-0.003984241766499205	-0.0027358220934352202	-0.00020668299179869105
20	18	1.4678624435499835e-08	-5.9756664674240025e-09	0.0607274704327225	430506920.02956605	0.5	0.9289949615384614	0.6813811765516825	0.19935902819694343	-0.10992454239154689	-0.08683088188413625	0.005444069504267717	0.0030349837948849966	0.0004291184842975543	-0.0016326584443760472	-0.0030821972262484506	-0.0028510011177300945
21	0	1.4044323170727661e-16	-6.205908121907062e-19	0.4701825338560561	0.532003257334483	0.5	0.02283714971299448	-0.04611996616219928	-0.022381766960846768	0.012119719827851115	0.0179449786533097	-0.0007495267432913083	0.0002031967294793211	-8.626482529562101e-05	-6.697032300060702e-05	5.425242744843085e-05	2.3474326624197377e-05
21	1	7.03451332630213e-16	-3.571704032571814e-18	0.471009568777043	2.6600162866724104	0.5	0.02647719344886883	-0.036594258045394575	-0.02876035575148903	0.014291431290438063	0.026009259976995335	-0.001280617847918283	7.565560807719036e-05	2.2569280801740598e-05	6.342791334189303e-05	5.090134522276949e-05	1.9597140577326285e-05
21	2	1.401947543971358e-15	-7.748164637089775e-18	0.4693506696938076	5.320032573344821	0.5	0.03568017495849941	-0.03107348511908072	-0.025091512094740108	0.01581900049809996	0.03516779286118116	-0.001543035063014606	4.661696219312409e-05	-2.4843220464395203e-05	1.2429621875391617e-05	2.2897161225596856e-05	2.5672352482093566e-05
21	3	7.020813144472852e-15	-1.059282665574198e-17	0.4700922463644959	26.600162866724126	0.5	0.0405246981589641	-0.02075172526124885	-0.032344322406968336	0.0011371052698144295	0.02692699358003723	-0.0009424315402367375	2.1512820155131245e-05	-8.400094222384065e-05	-0.00012218877850953287	6.402528454757264e-05	3.863942696600499e-05
21	4	1.4068995110425915e-14	-7.572596604277341e-17	0.47100851279298717	53.20032573344825	0.5	0.04632871065921196	-0.00775551676219773	-0.02601390211085926	-0.013547856998867087	0.012782020742578653	-0.0008595741395004793	0.0002336788974705833	-0.00014898492132310942	-8.880993203563688e-05	3.951386983134498e-05	4.955851661261035e-05
21	5	7.345164652619417e-14	-2.0123827291865031e-16	0.49180983461798244	266.0016286672415	0.5	0.019439636647732846	0.023991247193190176	-0.00999824087435561	-0.007871713240231332	-0.0049847023185793145	-0.00024118504408315755	0.00016865473873874275	-8.644550728842374e-05	-4.048479822953813e-05	1.204609842414932e-05	3.126475481052526e-05
21	6	1.5424968902031182e-13	9.465711677451258e-17	0.5164044486048465	532.003257334483	0.5	-0.007830549010980126	0.029743015211434184	0.00161807951766993	-0.010201306457215257	-0.0026584792566385863	0.00017329171403334748	-8.61731187982075e-05	-4.127255307614444e-05	7.5751553079989e-06	1.514983652680754e-05	3.009262027575111e-06
21	7	9.207874914007452e-13	1.275527842789031e-15	0.6165312355559144	2660.016286672413	0.5	-0.14036750251005067	0.0360326851748236	0.034545729282102165	-0.015912591672973982	-0.011455113475943225	0.0007166695103751625	-6.7439233482488705e-06	-3.340139076479683e-06	9.272395854329476e-06	3.4610997286779264e-05	-1.7753107122457542e-05
21	8	2.2380399068036005e-12	2.0655776336249308e-14	0.7492616493225912	5320.032573344826	0.5	-0.3060136956339095	0.08545819567221372	0.08464196298631847	-0.04311639305502686	-0.05581257405057679	0.0021412336838464623	-0.0006589632775804034	0.00014102727574976797	0.00010211658274929584	-7.57834709443033e-05	-8.238066558609843e-06
21	9	1.750169966025905e-11	8.468836728902429e-13	1.1718604582098817	26600.162866724106	0.5	-0.7628502172593499	0.29733026574019994	0.19340026173994673	-0.14713224133131306	-0.09543393182326772	0.008655603005435159	-0.005288250792408897	0.0017642310272202235	1.0916122047442797e-05	-0.00022475643110030766	-4.046128957310418e-05
21	10	3.8776107636646824e-11	2.0486726337997225e-12	1.298164982394746	53200.32573344821	0.5	-0.890872865257311	0.4345981507936363	0.1230771894085824	-0.1564059874721286	-0.06847831232273636	0.008629818091023886	-0.0057559384782133165	0.0023441793752609153	-0.00029344059432801124	-0.0002652203547055725	8.280455410844559e-05
21	11	2.1282831925131267e-10	4.891377218492285e-12	1.4250335485084555	266001.6286672415	0.5	-0.9940877501599822	0.6197672153771152	-0.014549173893601396	-0.16434086375690476	0.007917025502775088	0.0032273947187506187	-0.0024004675223427653	0.0012572933281692175	-0.0004337684412307339	8.453117569816025e-05	-5.639832360206725e-05
21	12	4.248134363976895e-10	5.067993710559426e-12	1.4222106363792488	532003.257334483	0.5	-0.9991731534130602	0.6311284155355399	-0.025227854953447718	-0.1571536188023628	-0.003933285757377848	0.0017708673032799088	-0.0012538660565216474	0.0005948458997126882	-0.00014843950366936513	-5.451968479154081e-05	7.692645283100371e-05
21	13	2.1335901668128404e-09	2.988210219428464e-11	1.4285869367251962	2660016.2866724157	0.5	-1.0005740981219589	0.6341532760799576	-0.02613898592321873	-0.1613359558607013	0.00429633241990231	0.001958904115139018	-0.0014283934356249996	0.00071742583801984	-0.00020429650727939248	-5.588142634846307e-05	9.411246156834206e-05
21	14	4.2544736827589215e-09	6.337035946844749e-11	1.4243329436856387	5320032.573344831	0.5	-1.00159005506111	0.6381428125165864	-0.03341779044632505	-0.1535776694731469	0.00022009552622847165	0.002000261830265945	-0.0015073003698349145	0.0008346580139564157	-0.00035896261010112787	0.00015211687603219003	-9.553626315988875e-05
21	15	2.1339277048738377e-08	2.1455628320124967e-10	1.4288129419215516	26600162.86672412	0.5	-1.0003635609312134	0.6333238962549466	-0.024570848253230464	-0.16276832205635355	0.003559246882258565	0.0015990572732281472	-0.0011119079739702836	0.0004801921742101855	-4.1040872725270916e-05	-0.00015289958115270705	0.0001311592337313859
21	16	4.2526165756929714e-08	4.770537513750422e-10	1.4237112125453817	53200325.73344824	0.5	-1.00203435800716	0.6389800273860256	-0.033450468394783446	-0.15379339139233095	-0.0030464112056398608	0.001722697853574742	-0.0012364910822162086	0.0005717438123222239	-9.133928731038177e-05	-0.00010824558627886689	7.455169292430964e-05
21	17	2.1278284921776986e-07	3.0587172859469425e-09	1.4247290950246403	266001628.66724175	0.5	-1.0016434482989658	0.6371913553863586	-0.030004454722660934	-0.15680347241689385	-0.003287472899647967	0.0019515683545901139	-0.001441817175255671	0.0007448954079652838	-0.00022708317244783178	-4.614698349589205e-05	8.824518657597148e-05
21	18	4.2661973572605804e-07	6.4496828415172484e-09	1.4282578512203652	532003257.3344835	0.5	-1.0019462650553044	0.6380668586994889	-0.030405568116080632	-0.15908615250356564	0.002673720908402298	0.0018126970862690926	-0.0014327786813139406	0.0008765270202346402	-0.0004519669919643467	0.0002262448594133696	-0.00012122741796765605
22	0	4.8082809709003556e-17	-2.5758990445684756e-19	0.4730065073061309	0.18105173512063463	0.5	-0.0010428613122262448	-0.050725632112858625	-0.02152136748480299	0.03949673637670622	0.01277923679420792	-0.0015366810224769544	9.102294146622609e-05	-3.08863515921727e-05	-3.338783013987638e-05	3.633187082123555e-05	1.766093524182737e-05
22	1	2.4072091625665624e-16	-4.265246013922664e-20	0.47361025914744626	0.9052586756031732	0.5	0.006070560871217388	-0.04697162320653632	-0.01434830029376243	0.03198158771535151	0.013775211626256426	-0.0017921208845188298	3.24782246720222e-05	9.314047590847857e-05	-0.0001324595337808298	5.43868409392348e-05	5.8852954009006584e-05
22	2	4.815966386560151e-16	-2.2306179945665106e-18	0.47376254707178445	1.8105173512063464	0.5	0.007296482769655368	-0.04554955050442418	-0.015536345418487092	0.031711781481618975	0.01580911652112803	-0.0016528476839193192	8.651161267492692e-06	-4.382772202046519e-05	-2.2010066427194767e-05	0.00011294565569305508	3.5061936567673515e-05
22	3	2.4196770841235582e-15	-1.6636380042316245e-17	0.4760632805348123	9.05258675603173	0.5	0.0077501298525970855	-0.0307694389002981	-0.018075048002061212	0.020304315434858538	0.0018093549003104685	-0.0019480952949280075	-6.466311455846221e-06	-0.00010897560583480018	-6.0697582440501785e-05	8.449885562580984e-05	-2.730908428063944e-06
22	4	4.936835502598187e-15	-2.1413487262805198e-17	0.48565284191194347	18.10517351206346	0.5	0.004207864162283232	-0.022382086641293954	-0.009618708996266425	0.013359692709634273	0.0035977902048029862	-0.0011905198193127484	-5.353893846483376e-05	-0.00014695510307893947	1.5065475714281808e-06	2.099232660034689e-05	6.96452996816369e-05
22	5	2.6990196206545355e-14	-1.3740418249219187e-16	0.5310229795816053	90.52586756031732	0.5	-0.030330172803455808	0.014459528042074897	0.004472649059286266	-0.020094087956917937	-0.007966066395255534	0.00019028109758071043	0.0001906176322953807	-0.00014526606905774825	7.140687092738628e-05	1.2752991673062123e-05	4.127847717028176e-07
22	6	5.764274178337472e-14	7.430775090712994e-17	0.5670507220254598	181.05173512063465	0.5	-0.08242851067021366	0.023110227260157643	0.01943581013440634	-0.013222704700319244	-0.015493433568151123	0.0005579139411676952	9.997573500606504e-06	-1.1222754404973479e-05	-8.538098089352463e-07	1.536492064888624e-05	2.0620832522239546e-06
22	7	4.418754324890653e-13	6.096512833050573e-15	0.869374964778323	905.2586756031731	0.5	-0.4397059972599511	0.14264838887061	0.1033852045024559	-0.0535943314188035	-0.04593370113149544	0.0029153492697697723	-0.0010608960598832448	0.0002435118917183169	4.691495341121372e-05	-1.9889469494783625e-05	1.4853968092549333e-05
22	8	1.0961465234381987e-12	3.340101710584005e-14	1.078315601116325	1810.5173512063461	0.5	-0.6613307205194152	0.2702378523195348	0.13918612729431554	-0.11093322249090398	-0.0706688421568696	0.005922138569560992	-0.00325227715833109	0.0009022863159685924	0.00018757519936411917	-0.0002450131448234122	2.786173459457406e-05
22	9	7.027469646849524e-12	2.8495774156799634e-13	1.3826308790909596	9052.586756031724	0.5	-0.9586312935758671	0.5596522024892997	0.026753996661550674	-0.16147094695943448	-0.014545210299889469	0.006129397231193256	-0.00430327310112788	0.0020083791859182654	-0.0005020445823042566	-7.426759220411951e-05	7.694301651610395e-05
22	10	1.4423256464703179e-11	5.079795286259033e-13	1.4188634577800783	18105.173512063448	0.5	-0.998483650402997	0.6394267210491817	-0.04338591602753729	-0.1446802779935593	0.004965981540064057	0.00456942615801323	-0.0034654036188915397	0.0018357424423347812	-0.0005370978240706295	-0.00018718744492349435	0.00027587444534147773
22	11	7.385893072744588e-11	1.3874780127997964e-12	1.4531494755895222	90525.8675603173	0.5	-1.02517488940278	0.7035650604146767	-0.09640978801655493	-0.14557066521699855	0.027299353725013287	0.0020583638465138544	-0.0016837958896339952	0.001046626013770101	-0.00046145467276525445	3.132484675709193e-05	0.00011916831205186516
22	12	1.4717703952222844e-10	2.716335739826895e-12	1.447829231306965	181051.7351206346	0.5	-1.0261980255305228	0.7069033435123152	-0.10201849194216811	-0.138170807570889	0.019631051912911524	0.00208230932658983	-0.0017020733313667013	0.001053027676693422	-0.00047245997483640994	9.032292385469359e-05	3.1306843540106704e-05
22	13	7.37169961138675e-10	1.3395763501263359e-11	1.4503569600838415	905258.6756031727	0.5	-1.0266380940718725	0.7082317282702851	-0.10324573902046846	-0.13926230674113288	0.024044687411318915	0.0020852365227690796	-0.0016773571924834651	0.0009973529946892346	-0.00038810171732298754	-2.9808886728490473e-05	0.00014299256827904618
22	14	1.483991976674941e-09	2.4716147017380663e-11	1.4598520053329929	1810517.3512063455	0.5	-1.0297782583151722	0.7166493320256935	-0.10994412983052743	-0.1430336354540823	0.036881700193568616	0.0019685037907295976	-0.0015584993676512786	0.0009274826493456722	-0.0003985150835272946	4.923140372594611e-05	7.029045538216755e-05
22	15	7.3861629094855636e-09	1.5970919900103306e-10	1.4532025650554508	9052586.756031735	0.5	-1.028146222029444	0.7126126706392962	-0.10800385373414485	-0.13835242944472584	0.02908853384227483	0.002427645048755411	-0.0019782605948010156	0.001212815585531247	-0.0005239805608484508	4.8909868755561605e-05	0.0001067671239932026
22	16	1.4822436625762774e-08	1.846761883988352e-10	1.4581321309111603	18105173.51206347	0.5	-1.0270618835226675	0.7083290335938723	-0.09997745430168795	-0.14725807851419162	0.033694991255903	0.0015890217593859538	-0.0012368989041317002	0.0006768968895227965	-0.00019526282635812028	-9.219681783020912e-05	0.00011649940168092843
22	17	7.411542105633431e-08	1.3593790632506348e-09	1.4581958360397353	90525867.56031731	0.5	-1.0256415459009212	0.7034072338327477	-0.09261532025401109	-0.15212133297288663	0.031089735900297816	0.0021800148240851865	-0.0017500306063146442	0.0010323958030001134	-0.00040458323522395097	1.2323938926936204e-05	8.079066537895265e-05
22	18	1.4851135130480404e-07	2.610959328348792e-09	1.460955297769244	181051735.12063462	0.5	-1.0285083894527833	0.7117534136732236	-0.10178914284714703	-0.14917461666401952	0.03498850319249553	0.002078423769437997	-0.0016586074276360107	0.000971171655480501	-0.00036532343727579215	-3.58462128982621e-05	0.00013349362967953038
